0 37 37
1 37 37
2 37 37
3 37 37
4 37 37
5 37 37
6 37 37
7 37 37
8 37 37
9 37 37
10 37 37
11 37 37
12 37 37
13 37 37
14 37 37
15 37 37
16 37 37
17 37 37
18 37 37
19 37 37
20 37 37
21 37 37
22 37 37
23 37 37
24 37 37
25 37 37
26 37 37
27 37 37
28 37 37
29 37 37
30 37 37
31 37 37
32 37 26
33 37 26
34 37 22
35 37 22
36 37 22
37 37 22
38 37 22
39 37 11
40 37 11
41 37 11
42 37 11
43 37 5
44 37 5
45 37 5
46 37 5
47 37 2
48 37 2
49 37 2
50 37 2
51 37 1
52 37 1
53 37 1
54 37 1
55 37 1
56 37 1
57 37 1
58 37 1
59 37 1
60 37 1
61 37 1
62 37 1
63 37 1
64 37 1
65 37 1
66 37 1
67 37 1
68 37 1
69 37 2
70 37 2
71 37 2
72 37 12
73 37 7
74 37 9
75 37 9
76 37 15
77 37 37
78 37 37
79 37 37
80 37 37
81 37 37
82 37 37
83 37 37
84 37 37
85 37 37
86 37 37
87 37 37
88 37 37
89 37 37
90 37 37
91 37 37
92 37 37
93 37 37
94 37 37
95 37 37
96 37 37
97 37 37
98 37 37
99 37 36
100 37 35
101 37 37
102 37 37
103 37 37
104 37 37
105 37 37
106 37 37
107 37 37
108 37 37
109 37 37
110 37 37
111 37 37
112 37 37
113 37 37
114 37 37
115 37 37
116 37 37
117 37 37
118 37 37
119 37 37
120 37 37
121 37 37
122 37 37
123 37 37
124 37 37
125 37 37
126 37 37
127 37 37
128 37 37
129 37 37
130 37 37
131 37 37
132 37 37
133 37 37
